15
tr|A0A2H4A2U9|A0A2H4A2U9_NAEFO 0.0000000 1.4029537 1.7774108 1.8322674 1.9474307 2.0249884 1.9504654 2.0546519 1.8773754 1.8604135 1.8563949 1.8699909 1.5244285 1.6146401 1.6195909 
tr|L8GJB3|L8GJB3_ACACF         1.4029537 0.0000000 1.8699757 1.9288740 2.2848632 2.2079256 2.0237317 2.1622310 2.1560086 2.1485357 2.1607413 2.1129585 1.2093738 1.6148503 1.6162364 
sp|Q7Z1V1|CP51_TRYCC           1.7774108 1.8699757 0.0000000 0.2061184 2.2988583 2.2454732 2.3460711 2.4141549 2.2357774 2.2330772 2.2697475 2.2318818 2.0433723 2.0278942 2.0540914 
tr|Q385E8|Q385E8_TRYB2         1.8322674 1.9288740 0.2061184 0.0000000 2.3167371 2.2345954 2.2990159 2.3134203 2.2663584 2.2790061 2.3142611 2.2893182 1.9352302 2.0697796 2.0853242 
sp|P10613|CP51_CANAL           1.9474307 2.2848632 2.2988583 2.3167371 0.0000000 0.2096789 0.5839044 1.1754128 1.1380805 1.1353276 1.1277154 1.2096810 2.4619876 1.7912296 1.7114060 
sp|P14263|CP51_CANTR           2.0249884 2.2079256 2.2454732 2.2345954 0.2096789 0.0000000 0.5876613 1.1645330 1.0927225 1.0893250 1.0779737 1.1859633 2.3435167 1.6957656 1.6204077 
sp|P50859|CP51_CANGA           1.9504654 2.0237317 2.3460711 2.2990159 0.5839044 0.5876613 0.0000000 1.0583539 1.0413595 1.0635983 1.0608446 1.1441317 2.3227800 1.7457680 1.6961620 
sp|A0A0L1JEW4|RSTN2_ASPN3      2.0546519 2.1622310 2.4141549 2.3134203 1.1754128 1.1645330 1.0583539 0.0000000 0.6611610 0.6631155 0.6725727 0.4064484 2.4376238 1.6213259 1.6081888 
sp|E9QY26|CP51B_ASPFU          1.8773754 2.1560086 2.2357774 2.2663584 1.1380805 1.0927225 1.0413595 0.6611610 0.0000000 0.0274971 0.0394226 0.6796874 2.2315846 1.5908705 1.5584898 
tr|A0A229YLJ3|A0A229YLJ3_9EURO 1.8604135 2.1485357 2.2330772 2.2790061 1.1353276 1.0893250 1.0635983 0.6631155 0.0274971 0.0000000 0.0314643 0.6676007 2.2081865 1.5709326 1.5387510 
tr|A0A397GDY2|A0A397GDY2_ASPTH 1.8563949 2.1607413 2.2697475 2.3142611 1.1277154 1.0779737 1.0608446 0.6725727 0.0394226 0.0314643 0.0000000 0.6877642 2.2056442 1.5748703 1.5426541 
tr|A0A5M9MB85|A0A5M9MB85_9EURO 1.8699909 2.1129585 2.2318818 2.2893182 1.2096810 1.1859633 1.1441317 0.4064484 0.6796874 0.6676007 0.6877642 0.0000000 2.3928062 1.6486284 1.6116173 
sp|Q9SAA9|CP511_ARATH          1.5244285 1.2093738 2.0433723 1.9352302 2.4619876 2.3435167 2.3227800 2.4376238 2.2315846 2.2081865 2.2056442 2.3928062 0.0000000 1.5908803 1.5838219 
sp|Q16850|CP51A_HUMAN          1.6146401 1.6148503 2.0278942 2.0697796 1.7912296 1.6957656 1.7457680 1.6213259 1.5908705 1.5709326 1.5748703 1.6486284 1.5908803 0.0000000 0.0724497 
sp|Q64654|CP51A_RAT            1.6195909 1.6162364 2.0540914 2.0853242 1.7114060 1.6204077 1.6961620 1.6081888 1.5584898 1.5387510 1.5426541 1.6116173 1.5838219 0.0724497 0.0000000 
